4 31
0.7926999962329865 0.7482999992370606
0.403999999165535 0.7043000018596649
106.00015377998352s17 61
0.7958999961614609 0.7478999990224838
0.5062999963760376 0.7090000009536743
120.78164386749268s17 71
0.7859999990463257 0.7413000005483628
0.4412999975681305 0.690400003194809
124.22164249420166s2 31
0.7926999968290329 0.7460999989509582
0.5118999955058098 0.7043999999761581
126.27992963790894s16 61
0.7928999984264373 0.7507999980449677
0.48529999613761904 0.7089000022411347
126.92649388313293s4 21
0.792099996805191 0.7331000041961669
0.4667999961972237 0.6918999987840653
126.81935930252075s16 71
0.7919999969005584 0.7360000014305115
0.3990999987721443 0.7046000039577485
124.98148894309998s3 21
0.7928999972343445 0.7464999979734421
0.5044999977946282 0.6901000040769577
130.73762035369873s3 31
0.7943999999761582 0.735300001502037
0.40939999908208846 0.6843000018596649
130.67021894454956s2 21
0.7956999969482422 0.7431000000238419
0.4684999978542328 0.7050000005960464
134.52707242965698s2 31
0.7971999949216843 0.7496999979019165
0.49719999730587006 0.7068999975919723