11.0 4.0 1.0 0.7982999980449677 0.7535999983549118 0.41729999750852587 0.7236999988555908
10.0 4.0 1.0 0.7924999964237213 0.7411000019311905 0.49569999784231183 0.7085000008344651
8.0 5.0 1.0 0.7919999969005584 0.7344999998807907 0.35970000103116034 0.7004000037908554
9.0 4.0 1.0 0.7950999987125397 0.7442999970912934 0.41399999797344206 0.678400005698204
8.0 6.0 1.0 0.7882999968528748 0.7389999997615814 0.4179999980330467 0.6704000014066697
8.0 6.5 1.0 0.7912999975681305 0.7330000013113022 0.39919999837875364 0.6835000026226044
8.0 5.5 1.0 0.7911999982595443 0.7522000002861023 0.554099995791912 0.7171999996900559
8.0 4.5 1.0 0.7929999989271164 0.7434999978542328 0.5059999984502792 0.6934000009298324
8.0 2.0 1.0 0.7937999981641769 0.751800000667572 0.4377999985218048 0.7197999995946884
8.0 2.5 1.0 0.7913999962806701 0.7413000029325485 0.44259999692440033 0.6637999987602234
8.0 4.0 1.0 0.7859999972581864 0.731300002336502 0.35480000108480453 0.6864000028371811
8.0 3.0 1.0 0.7873999983072281 0.7402999979257584 0.5222999960184097 0.6997000032663345
8.0 3.5 1.0 0.7928999984264373 0.721300002336502 0.3687000007927418 0.691900001168251
8.0 4.0 1.0 0.7965999984741211 0.7497999995946885 0.4849999988079071 0.6997999995946884
4.0 4.0 1.0 0.7993999969959259 0.745100000500679 0.47799999833106993 0.706800001859665
2.0 4.0 1.0 0.7940999972820282 0.7426999998092652 0.44839999720454216 0.6977000033855438
5.0 4.0 1.0 0.7910999983549118 0.7369000005722046 0.38749999806284907 0.6947000044584274
1.0 4.0 1.0 0.799099998474121 0.7518999963998795 0.456899998486042 0.7150000017881394
3.0 4.0 1.0 0.7905999988317489 0.7354999977350235 0.5315999984741211 0.684500002861023
8.0 4.0 1.6 0.7989999961853027 0.7576999974250793 0.5069999971985817 0.6948000019788743
8.0 4.0 1.2 0.7907999968528747 0.7473999983072281 0.4925999987125397 0.7078999990224838
8.0 4.0 1.8 0.7957999968528747 0.745300001502037 0.38820000186562537 0.7047000008821488
8.0 4.0 2.0 0.7888999998569488 0.7399999976158143 0.4674999988079071 0.7039000010490417
8.0 4.0 1.4 0.7924999988079071 0.7499999994039536 0.3986999988555908 0.6912000012397767
8.0 4.0 0.6 0.7915999972820282 0.7433999997377395 0.4506999996304512 0.6843000024557113
8.0 4.0 0.8 0.7910999995470047 0.7432999980449676 0.48819999665021896 0.6718000024557114
8.0 4.0 0.2 0.7913999980688096 0.7504999971389771 0.46329999655485155 0.6830000019073487
8.0 4.0 0.4 0.7899999988079071 0.7416000026464462 0.5327999925613404 0.6755000013113022

