1 1 1 1 1 
1 2 1 2 2 
1 3 1 2 3 
1 4 1 3 4 
1 5 1 4 5 
1 6 1 5 6 
1 7 1 6 7 
1 8 1 7 8 
1 9 1 8 9 
1 10 1 9 10 
1 11 1 10 11 
1 12 1 11 12 
1 13 1 12 13 
1 14 1 13 14 
1 15 1 14 15 
1 16 1 15 16 
1 17 1 16 17 
1 18 1 17 18 
1 19 1 18 19 
1 20 1 19 20 
1 21 1 20 21 
1 22 1 21 22 
1 23 1 22 23 
1 24 1 22 24 
1 25 1 23 25 
1 26 1 24 26 
1 27 1 25 27 
1 28 1 26 28 
1 29 2 27 29 
1 30 2 28 30 
2 31 3 29 31 
2 32 3 30 32 
2 33 3 31 33 
2 34 3 32 34 
2 35 3 33 35 
2 36 3 33 36 
2 37 3 34 37 
2 38 3 35 38 
2 39 3 36 39 
3 40 4 37 40 
3 41 4 38 41 
3 42 4 39 42 
3 43 4 40 43 
4 44 5 41 44 
5 45 6 42 45 
5 46 6 43 46 
5 47 6 43 47 
6 48 7 44 48 
6 49 7 45 49 
6 50 7 46 50 
6 51 7 47 51 
6 52 7 48 52 
7 53 8 49 53 
7 54 8 50 54 
7 55 8 51 55 
7 56 8 52 56 
7 57 8 53 57 
8 58 9 54 58 
8 59 9 55 59 
8 60 9 56 60 
8 61 9 57 61 
8 62 9 58 62 
8 63 9 59 63 
8 64 9 60 64 
8 65 9 60 65 
8 66 9 61 66 
8 67 9 62 67 
8 68 9 63 68 
8 69 9 64 69 
8 70 9 65 70 
8 71 9 66 71 
8 72 9 67 72 
8 73 9 68 73 
8 74 9 69 74 
8 75 9 70 75 
8 76 9 71 76 
8 77 9 72 77 
8 78 9 73 78 
8 79 9 74 79 
8 80 9 75 80 
8 81 9 75 81 
8 82 9 76 82 
8 83 10 77 83 
8 84 11 78 84 
8 85 11 79 85 
9 86 12 80 86 
10 87 13 81 87 
10 88 13 82 88 
10 89 13 83 89 
10 90 13 84 90 
10 91 13 85 91 
10 92 13 86 92 
10 93 13 87 93 
11 94 14 88 94 
11 95 14 89 95 
12 96 15 90 96 
13 97 16 91 97 
14 98 17 92 98 
14 99 17 92 99 
14 100 17 93 100 
14 101 17 94 101 
14 102 17 95 102 
14 103 17 95 103 
14 104 17 95 104 
14 105 17 96 105 
14 106 17 97 106 
14 107 17 97 107 
14 108 17 98 108 
14 109 17 99 109 
14 110 17 100 110 
14 111 17 101 111 
14 112 17 102 112 
14 113 17 102 113 
14 114 17 103 114 
14 115 18 104 115 
14 116 18 105 116 
14 117 18 105 117 
14 118 19 105 118 
14 119 19 105 119 
14 120 19 106 120 
14 121 19 106 121 
14 122 19 107 122 
14 123 19 108 123 
14 124 19 108 124 
14 125 19 109 125 
14 126 19 110 126 
14 127 19 111 127 
14 128 19 112 128 
14 129 19 113 129 
14 130 19 114 130 
14 131 19 115 131 
14 132 20 116 132 
14 133 20 117 133 
15 134 21 118 134 
15 135 21 119 135 
15 136 21 120 136 
15 137 21 121 137 
15 138 21 122 138 
15 139 21 123 139 
15 140 22 124 140 
15 141 22 125 141 
15 142 22 125 142 
15 143 22 126 143 
16 144 22 127 144 
16 145 22 128 145 
16 146 22 129 146 
16 147 22 130 147 
16 148 23 130 148 
16 149 23 131 149 
16 150 23 132 150 
16 151 23 133 151 
16 152 24 134 152 
16 153 24 135 153 
17 154 25 136 154 
17 155 25 137 155 
17 156 25 137 156 
17 157 25 138 157 
17 158 25 139 158 
18 159 26 139 159 
18 160 26 140 160 
19 161 27 141 161 
19 162 27 141 162 
19 163 27 142 163 
19 164 27 143 164 
19 165 27 144 165 
19 166 27 145 166 
20 167 28 146 167 
20 168 28 147 168 
